# Created by Octave 7.2.0, Tue Oct 25 17:08:59 2022 GMT <unknown@LAPTOP-PUT99FNK>
# name: tiempos
# type: matrix
# rows: 1
# columns: 151
 -0.49450787691055687 -0.49138935966393821 -0.47649229270918358 -0.48025908149955571 -0.4617692499888722 -0.45411793262578426 -0.447885285113996 -0.42746012674547029 -0.41859007968164719 -0.4098326005887778 -0.40666838971714053 -0.38436253860829206 -0.37824910294698344 -0.37149533015166492 -0.35988555103624181 -0.35130997717483042 -0.34875106184223392 -0.33142825485797661 -0.32415683255783811 -0.31489603152583651 -0.30578200827832003 -0.29266778554657996 -0.29001317867941534 -0.2651788528868419 -0.25739969949272273 -0.25010013925821267 -0.24017385543014241 -0.2339908179228207 -0.21490657358935711 -0.2106660873975387 -0.2035726508189358 -0.18324307115786673 -0.18112385528026292 -0.17294514515360399 -0.16146876798867704 -0.15423963121818965 -0.14560064150621865 -0.11737000153940846 -0.11172251203556327 -0.10846232420380873 -0.10628559179676024 -0.094327340152773984 -0.080882670571157264 -0.066042919691856841 -0.066660022106576233 -0.061649335779025372 -0.04724548646419368 -0.028332445834670941 -0.018043231977835514 -0.0077416029053588211 -0.00065142326572860312 0.010918445479309719 0.017619234916904647 0.034310108057784637 0.033191527645646264 0.052275147782221719 0.055756453100331754 0.068325565305179831 0.082763916729722706 0.095195453267524752 0.094411806583673943 0.11630329354560447 0.12330071570523489 0.12966067223228656 0.13902389401050624 0.14891196824928407 0.15848446189324134 0.17011522812212557 0.18025645177924393 0.19413031395105804 0.20763488343366693 0.21233457217842347 0.2189514333080563 0.2331259517854381 0.24091613631500716 0.24485116228216688 0.26474610915565511 0.27153530959573352 0.28067587471049732 0.29257623167762425 0.30130703162027683 0.30529257114522279 0.31918831163598083 0.32926972682834232 0.33733994311595589 0.35841051797331586 0.35562135326919991 0.36758092474944937 0.37643997725486289 0.38412893834271594 0.39903880241230366 0.40862964885033703 0.42765036257212052 0.42875487628743136 0.43467893293555332 0.4580172864906002 0.46617339573445388 0.46885186774518406 0.47246920148010141 0.48777686091776506 0.49922029482137614 0.5113803412696577 0.51869418177111759 0.53221710956452051 0.54195947104716224 0.54374660546586806 0.55526019538834293 0.56629446953029805 0.57746091224860918 0.58839712246699882 0.60006234520680801 0.59485411329297921 0.61771492679564211 0.6362122420319537 0.63466649300507627 0.65466864081335607 0.66175160500678043 0.66985497118145632 0.68091226083752987 0.68217471992924628 0.69957730260091133 0.71801973175301437 0.7204917388732005 0.73020686806744806 0.73632915443651625 0.74984593134993838 0.76116173506312235 0.7721319377870447 0.77813595629138255 0.78881772708121412 0.81011845443301533 0.79870823014751913 0.83114722840228461 0.8316878185030655 0.84500030409794558 0.84167917762506472 0.85704982717897393 0.86860967918117349 0.88211357845610239 0.88164899651074768 0.90235817163208154 0.90393576400162778 0.92033095024212308 0.93326177944330679 0.94163529983588534 0.95541316752118377 0.96503038555409526 0.96674546131701122 0.98128528078716981 0.9852781109679789 0.99339105739303724


# name: tiempos2
# type: matrix
# rows: 1
# columns: 151
 -0.4953758703325315 -0.48999975075462376 -0.480274594573047 -0.4654443636717307 -0.45702708151295474 -0.44824899413062735 -0.43374874385847501 -0.42535105270721141 -0.41880118371470709 -0.41345180551555616 -0.40325776820875142 -0.38403949064734366 -0.38805915194338908 -0.37012230968317961 -0.36974423588449451 -0.34489750992773671 -0.33569141848803286 -0.32999418958258236 -0.3203541860658024 -0.3224314196035164 -0.29709413838662035 -0.30096217459982955 -0.29159640153321653 -0.26960033144850781 -0.26474240491785256 -0.24794254689288314 -0.23661511097157983 -0.22571133727397322 -0.22345579562691492 -0.20775311188416576 -0.19949683324842463 -0.18586965000765038 -0.1773192146003704 -0.1655105578700746 -0.16065968933962288 -0.15073600728075631 -0.13496113297347281 -0.14061827731207877 -0.12252293202757004 -0.11635297224904328 -0.10191292401353821 -0.086756603689756864 -0.075871364253791221 -0.075074718213400699 -0.062355349563415832 -0.04931487562934974 -0.041459316878767846 -0.02849090722369494 -0.018000345285221007 -0.014649807794700657 -0.0008841513296461588 -0.00066047299580766425 0.025726808552592389 0.02685454619502925 0.03398075012998894 0.048730276582885985 0.052856765676839564 0.069895711911492062 0.077196675017359037 0.10088889354592073 0.10569232693664796 0.09751556748407747 0.12220663465863804 0.12300931062094464 0.138724724100596 0.15082202036659367 0.16373867014404064 0.16863476525298551 0.18788150073273041 0.18759531424110584 0.2016375606041485 0.21332367060313795 0.22042594296360576 0.23440476392690524 0.24161606568923799 0.24607926908167957 0.25097313324306958 0.27929296474277854 0.27697734955612774 0.29051679861155327 0.30281583477572982 0.31056798498366994 0.31547636893600978 0.32766142708774065 0.33937555026388444 0.35739479245752015 0.35569592154996515 0.37392334233643909 0.38154311569974264 0.38883069978935425 0.39471513627019938 0.4085792952268692 0.41956654858770354 0.42265302462756815 0.44096091122435388 0.44588853361854908 0.45952879706020133 0.47168106670477117 0.47547672970376581 0.48855871819397151 0.50175031378767088 0.50082070428747849 0.52517987954122747 0.54212230572469688 0.54479700254703989 0.54842114002495301 0.56214311339929701 0.56482007610743312 0.58938932730247939 0.59470352201676058 0.6039367288996762 0.6056206286902166 0.62159974567191167 0.62720852857574549 0.63844285290726555 0.64714995041678902 0.65487133192185631 0.6654562720656283 0.67895051332972201 0.68150567957913688 0.70303800287923035 0.70941100855366013 0.72349580166822081 0.73134824320858294 0.74247143527689707 0.74258439488742045 0.75489867807158517 0.76776502494627741 0.78054829295663808 0.79564368226014148 0.79855018479599993 0.81630775359070584 0.82237712405853647 0.83587058375746859 0.84063473534021815 0.84671592035525955 0.85259300464210608 0.87077744497951948 0.88409275684260502 0.88853705934582805 0.89729606791755734 0.90845679092359943 0.91451703349237268 0.92753495092341764 0.93909630321792481 0.95022920552856849 0.95968108439988831 0.97305667597032619 0.98054658846887432 0.99907007725140184 1.0015601191416463


