# Created by Octave 7.2.0, Tue Nov 01 17:47:18 2022 GMT <unknown@LAPTOP-PUT99FNK>
# name: tiempos
# type: matrix
# rows: 1
# columns: 151
 -0.49450787691055687 -0.49138935966393821 -0.48025908149955571 -0.47649229270918358 -0.4617692499888722 -0.45411793262578426 -0.447885285113996 -0.42746012674547029 -0.41859007968164719 -0.4098326005887778 -0.40666838971714053 -0.38436253860829206 -0.37824910294698344 -0.37149533015166492 -0.35988555103624181 -0.35130997717483042 -0.34875106184223392 -0.33142825485797661 -0.32415683255783811 -0.31489603152583651 -0.30578200827832003 -0.29266778554657996 -0.29001317867941534 -0.2651788528868419 -0.25739969949272273 -0.25010013925821267 -0.24017385543014241 -0.2339908179228207 -0.21490657358935711 -0.2106660873975387 -0.2035726508189358 -0.18324307115786673 -0.18112385528026292 -0.17294514515360399 -0.16146876798867704 -0.15423963121818965 -0.14560064150621865 -0.11737000153940846 -0.11172251203556327 -0.10846232420380873 -0.10628559179676024 -0.094327340152773984 -0.080882670571157264 -0.066660022106576233 -0.066042919691856841 -0.061649335779025372 -0.04724548646419368 -0.028332445834670941 -0.018043231977835514 -0.0077416029053588211 -0.00065142326572860312 0.010918445479309719 0.017619234916904647 0.033191527645646257 0.034310108057784637 0.052275147782221719 0.055756453100331754 0.068325565305179831 0.082763916729722706 0.094411806583673943 0.095195453267524752 0.11630329354560447 0.12330071570523489 0.12966067223228656 0.13902389401050624 0.14891196824928407 0.15848446189324134 0.17011522812212557 0.18025645177924393 0.19413031395105804 0.20763488343366693 0.21233457217842347 0.2189514333080563 0.2331259517854381 0.24091613631500716 0.24485116228216688 0.26474610915565511 0.27153530959573352 0.28067587471049732 0.29257623167762425 0.30130703162027683 0.30529257114522279 0.31918831163598083 0.32926972682834232 0.33733994311595589 0.35562135326919991 0.35841051797331591 0.36758092474944937 0.37643997725486289 0.38412893834271594 0.39903880241230366 0.40862964885033703 0.42765036257212052 0.42875487628743136 0.43467893293555332 0.4580172864906002 0.46617339573445388 0.46885186774518406 0.47246920148010141 0.48777686091776506 0.49922029482137614 0.5113803412696577 0.51869418177111759 0.53221710956452051 0.54195947104716224 0.54374660546586806 0.55526019538834293 0.56629446953029805 0.57746091224860918 0.58839712246699882 0.59485411329297921 0.60006234520680801 0.61771492679564211 0.63466649300507627 0.6362122420319537 0.65466864081335607 0.66175160500678043 0.66985497118145632 0.68091226083752987 0.68217471992924628 0.69957730260091133 0.71801973175301437 0.7204917388732005 0.73020686806744806 0.73632915443651625 0.74984593134993838 0.76116173506312235 0.7721319377870447 0.77813595629138255 0.78881772708121412 0.81011845443301533 0.79870823014751913 0.83114722840228461 0.8316878185030655 0.84167917762506472 0.84500030409794558 0.85704982717897393 0.86860967918117349 0.88164899651074768 0.88211357845610239 0.90235817163208154 0.90393576400162778 0.92033095024212308 0.93326177944330679 0.94163529983588534 0.95541316752118377 0.96503038555409526 0.96674546131701122 0.98128528078716981 0.9852781109679789 0.99339105739303724


