# Created by Octave 7.2.0, Wed Nov 16 20:53:45 2022 GMT <unknown@LAPTOP-PUT99FNK>
# name: tiempos2
# type: matrix
# rows: 1
# columns: 151
 -0.4953758703325315 -0.48999975075462376 -0.480274594573047 -0.4654443636717307 -0.45702708151295474 -0.44824899413062735 -0.43374874385847501 -0.42535105270721141 -0.41880118371470709 -0.41345180551555616 -0.40325776820875142 -0.38805915194338908 -0.38403949064734372 -0.37012230968317961 -0.36974423588449451 -0.34489750992773671 -0.33569141848803286 -0.32999418958258236 -0.3224314196035164 -0.3203541860658024 -0.30096217459982949 -0.29709413838662041 -0.29159640153321653 -0.26960033144850781 -0.26474240491785256 -0.24794254689288314 -0.23661511097157983 -0.22571133727397322 -0.22345579562691492 -0.20775311188416576 -0.19949683324842463 -0.18586965000765038 -0.1773192146003704 -0.1655105578700746 -0.16065968933962288 -0.15073600728075631 -0.14061827731207879 -0.13496113297347281 -0.12252293202757004 -0.11635297224904328 -0.10191292401353821 -0.086756603689756864 -0.075871364253791221 -0.075074718213400699 -0.062355349563415832 -0.04931487562934974 -0.041459316878767846 -0.02849090722369494 -0.018000345285221007 -0.014649807794700657 -0.0008841513296461588 -0.00066047299580766425 0.025726808552592389 0.02685454619502925 0.03398075012998894 0.048730276582885985 0.052856765676839564 0.069895711911492062 0.077196675017359037 0.09751556748407747 0.1008888935459207 0.105692326936648 0.12220663465863804 0.12300931062094464 0.138724724100596 0.15082202036659367 0.16373867014404064 0.16863476525298551 0.18759531424110579 0.18788150073273041 0.2016375606041485 0.21332367060313795 0.22042594296360576 0.23440476392690524 0.24161606568923799 0.24607926908167957 0.25097313324306958 0.27697734955612768 0.29051679861155327 0.27929296474277848 0.30281583477572982 0.31056798498366994 0.31547636893600978 0.32766142708774065 0.33937555026388444 0.35569592154996521 0.35739479245752009 0.37392334233643909 0.38154311569974264 0.38883069978935425 0.39471513627019938 0.4085792952268692 0.41956654858770354 0.42265302462756815 0.44096091122435388 0.44588853361854908 0.45952879706020133 0.47168106670477117 0.47547672970376581 0.48855871819397151 0.50082070428747849 0.50175031378767088 0.52517987954122747 0.54212230572469688 0.54479700254703989 0.54842114002495301 0.56214311339929701 0.56482007610743312 0.58938932730247939 0.59470352201676058 0.6039367288996762 0.6056206286902166 0.62159974567191167 0.62720852857574549 0.63844285290726555 0.64714995041678902 0.65487133192185631 0.6654562720656283 0.67895051332972201 0.68150567957913688 0.70303800287923035 0.70941100855366013 0.72349580166822081 0.73134824320858294 0.74247143527689707 0.74258439488742045 0.75489867807158517 0.76776502494627741 0.78054829295663808 0.79564368226014148 0.79855018479599993 0.81630775359070584 0.82237712405853647 0.83587058375746859 0.84063473534021815 0.84671592035525955 0.85259300464210608 0.87077744497951948 0.88409275684260502 0.88853705934582805 0.89729606791755734 0.90845679092359943 0.91451703349237268 0.92753495092341764 0.93909630321792481 0.95022920552856849 0.95968108439988831 0.97305667597032619 0.98054658846887432 0.99907007725140184 1.0015601191416463


