# Created by Octave 5.2.0, Fri Nov 18 20:10:44 2022 -03 <san@szb-H81M-S1>
# name: coef1
# type: matrix
# rows: 151
# columns: 4
 -0.6962814365616331 -7.8251831532002054 -10.818921996715511 -4.6042202800769392
 -3878.2994350661452 -23609.67800635982 -47896.189987337755 -32388.841189787468
 -162.59531976848066 -1011.4519494084013 -2084.1182266739661 -1431.9154728513902
 -1688.6270449040239 -10585.020617202599 -22103.696184145323 -15386.175559713662
 -116.10503255577339 -749.5335352595439 -1598.9350581570868 -1137.5489890822982
 -381.63441336602926 -2501.8955136712439 -5452.9066957627083 -3962.2329556003756
 -915.86039423641159 -6095.7783662537531 -13509.304771160974 -9980.3542414535095
 -58.84528574172171 -410.04974677489582 -936.78435601939771 -714.26748762944658
 -309.36891438289507 -2195.5975560303477 -5177.8140152935302 -4071.2665192818135
 -314.75535175940831 -2288.3154746865644 -5528.5908240248928 -4453.5443329316868
 -2997.8019517098978 -22019.547992979959 -53895.650565683129 -43973.342601120217
 -42.106945023123941 -327.82897872018953 -832.21231366051597 -705.64900183226007
 -524.86916149377089 -4125.1552653368262 -10787.995731419252 -9405.7889953040158
 -705.26080391022163 -5651.666354758343 -15076.929462257862 -13408.563759986844
 -168.20784709787952 -1387.1464406434643 -3792.5778958852229 -3458.3564915486113
 -228.35251895481576 -1932.6913093902917 -5431.2231433664911 -5089.8067828742332
 -4141.3830041763049 -35482.432132772563 -101313.17542533872 -96428.83426894524
 -62.536234454025404 -561.8720364488762 -1659.3624594411658 -1636.0117452482032
 -303.11447514066685 -2772.2710878564526 -8427.488355848076 -8542.421442407076
 -251.98091657296652 -2375.0679507389978 -7436.6825675354994 -7764.7432522429835
 -224.3312426858725 -2173.4495323486312 -6992.6640592936801 -7502.4691532663719
 -67.300018851444733 -684.89458253492376 -2294.9037767517675 -2567.042560192559
 -2255.8806395860847 -23209.512421289997 -79567.240720861242 -90928.414806265791
 -17.557453864969972 -200.27607775172081 -727.86674023515945 -886.34675186589084
 -141.71813025683045 -1626.2150237187493 -6185.4412455484699 -7847.5309710604579
 -263.16560626814032 -3121.4290637506042 -12304.15343619419 -16172.463307519261
 -92.069634926696708 -1136.2957463556595 -4635.4769635280436 -6309.7485023880608
 -278.46813397657752 -3526.4828666818103 -14845.07954177998 -20837.143351324899
 -15.141333957227339 -214.29719204512284 -963.10637361803322 -1450.6970837792674
 -309.92448666533977 -4363.4342312246645 -20428.460824309102 -31888.74155053862
 -188.33823942208394 -2739.0131595282064 -13225.651498114166 -21295.772656850266
 -6.3467926200189497 -110.74449947578155 -578.69624019926505 -1019.3184205759554
 -820.56235900209947 -13491.232067805602 -73874.153889363399 -134849.72989379682
 -79.993689100506472 -1370.1490026074762 -7753.979674758516 -14639.479560044678
 -20.909572497007424 -386.42724286919378 -2304.0522714457361 -4594.2938715184355
 -56.548622406649152 -1084.6002716169928 -6851.0140136701775 -14441.470614678401
 -45.197340699098355 -916.10629932057736 -6097.6237757887284 -13545.973088976334
 -0.72677134604514515 -31.565027269210251 -240.52473636393651 -636.0511547321172
 -24.123790518096861 -641.31518345096242 -5535.4719713693548 -15957.353173650197
 -107.16231890282619 -2940.3134856788556 -26732.864061723489 -81050.264710273434
 -247.42502913639984 -6921.713826243069 -64379.318142870368 -199632.84770849344
 -5.5647910385729169 -185.61171356873885 -1854.4172915183149 -6215.5249483937632
 -1.9525275217955671 -86.196489687679318 -964.47901466877613 -3650.2101538276888
 -0.19393912475640696 -31.981204984484933 -430.33266551434542 -2009.9854416262017
 -528.80155586403907 -23898.17870314914 -359606.34856954747 -1803806.4935829043
 -14.87603004648059 -727.36731401668339 -11400.167305158824 -59649.723665771322
 -0.065054467816207606 -34.769434515688644 -622.12328044888034 -3841.5325934634225
 0.45353345453145172 -7.7767776722960864 -176.4521188726543 -1583.7184221321083
 0.4515823338512539 -11.669027656740507 -443.91594085680276 -6260.9215396380869
 0.51979142218281538 -4.1955147708860761 -244.05802192059338 -6528.5104394485197
 0.53010546943436709 -2.0091635426269718 -195.5102659095401 -14507.922567052774
 0.53021985927720772 -1.653835390016696 86.728173196402651 -4779.1982144111771
 0.56775381148898152 -9.7844074724889492 631.50817262642909 -15308.66139352917
 0.56587669863817902 -5.3087592400341137 141.6070281780159 -1577.8020115971649
 15.261431412616066 -1322.1672806942702 39472.9245920635 -393124.48069493647
 0.67909755470805544 -11.017191691571057 205.97911834229058 -1410.9321984854905
 5.516263749773568 -284.087324237703 5343.0634406044292 -33615.27392327453
 1.7559060033215177 -60.10336148011551 937.47015182277335 -4954.9022135572859
 1.5335310113097302 -41.571247789844961 537.90795596698501 -2379.5270359016845
 2.3291794075671777 -61.532892955700859 671.81753894897645 -2486.78548508323
 843.58739540286751 -26709.939367602739 282048.22889614088 -992813.78385257081
 1.9336541297340488 -39.796399097183482 350.77059980520386 -1054.3184562617878
 11.622218572500181 -283.51908486734038 2393.1243857856484 -6755.3007014241239
 36.646029589724542 -857.17598923812568 6760.2157704995943 -17789.786900150779
 15.87894753609284 -343.96484655160157 2549.7815078491381 -6316.8683544297064
 16.06677467590891 -325.37916061430724 2253.2533563419802 -5215.4526200590917
 21.970119891902502 -420.25548171133067 2728.85701501837 -5918.5012303993535
 16.919265408917418 -300.33751132952426 1818.8195459172321 -3681.8560850629106
 26.950984214414596 -454.6907727319404 2593.5656076831451 -4940.1145401018939
 17.544719972359683 -273.64391845241778 1453.2697967077634 -2580.131061695924
 15.2747733059108 -221.10802748582975 1092.7229269920197 -1806.6438251769193
 188.86649173356125 -2696.724175710408 12859.064196826628 -20444.733443945104
 138.45287059275887 -1919.5793772969178 8893.5611587162875 -13739.898415669582
 22.178370000037081 -287.39308819520193 1260.73652778934 -1848.2343624109421
 67.671319809891017 -853.07829176727705 3602.5639014279618 -5075.5783975172271
 519.10354754476066 -6411.0228854872439 26409.025923449255 -36266.079880887555
 14.62822421536405 -165.09630444152029 634.79932449023374 -816.81853118371225
 113.79876404031826 -1275.1860461105455 4776.1915358001579 -5966.0906458685513
 122.37771174764779 -1323.6940968248152 4784.4167127917563 -5766.9842307662184
 54.895513063072592 -570.09391186311996 1984.3261361313234 -2304.8259019416259
 98.18730222946175 -988.00523809963181 3323.8744316634711 -3729.7675660245245
 748.57837772860898 -7406.3217559155837 24435.016063268471 -26874.15608399747
 57.797629991164712 -549.31110529625789 1748.6860906640077 -1857.4942944088557
 85.434582288176784 -788.89931898690384 2436.1207976382575 -2509.4106955262537
 232.19143094680982 -2087.4934916832426 6263.00226332088 -6265.0971011545316
 25.108639754547848 -211.83428411513853 601.92013301243878 -571.51435471613559
 1402.0799108111994 -11798.290664701577 33099.5954697493 -30954.458736950462
 206.89830905398293 -1703.3824162967089 4680.2291521633433 -4287.6794400381632
 156.30130138978711 -1259.0118447516577 3385.8331542231786 -3036.3571825404961
 314.79844758886145 -2481.6133897200029 6525.978521920897 -5721.5938602544784
 70.503653820045102 -536.03552015499577 1363.016042815598 -1156.2721005152464
 186.72563735922753 -1387.2539341116405 3439.6870218529762 -2843.8021614488043
 29.261329795634701 -204.8623664999852 481.65052798094973 -378.22814339245525
 11482.985530154156 -80503.793079119176 188132.86564696065 -146552.71494863837
 921.33382398336209 -6397.81818209017 14812.340489787915 -11431.92548507319
 28.518167422687089 -187.95882986308212 415.91851156778449 -307.42280049360835
 190.31130515756104 -1237.1996672429245 2683.8270064167764 -1941.2654965934994
 3932.0663608058485 -25231.422289086637 53971.295296475619 -38482.990689074853
