# Created by Octave 5.2.0, Fri Nov 18 20:10:44 2022 -03 <san@szb-H81M-S1>
# name: coef2
# type: matrix
# rows: 151
# columns: 4
 -1.2646350899595022 -8.2993611103048934 -10.20831695073128 -4.0390909303858891
 -8804.3133816299687 -53589.623527482559 -108719.78755466368 -73522.474394438643
 -326.50225939068616 -2025.5896305735748 -4179.7575372857773 -2875.9345370582846
 -3143.3956893539653 -19693.986354056469 -41119.624911063678 -28619.28356176514
 -210.20181350729976 -1352.1241160336378 -2889.6089028526653 -2059.5541590390521
 -606.36995325832049 -3968.6449670893994 -8648.4068391010296 -6283.3814967114804
 -1549.4050187133503 -10307.441380912518 -22846.705165489489 -16881.301024375371
 -86.501494940728975 -599.09572289545849 -1372.5607430773491 -1049.6250805633515
 -414.1191020914215 -2933.7124814028375 -6916.8161840826779 -5437.48825143458
 -435.39711804048972 -3162.055110608108 -7643.5116246757179 -6160.4602525069331
 -4034.1056261832196 -29625.632743888124 -72509.962541838453 -59158.705869691221
 -52.328723152447573 -404.74125743878506 -1031.2242736602439 -877.698882511482
 -594.61888181757206 -4667.5214629920356 -12200.144765608835 -10631.789891602904
 -869.39726396042624 -6964.0626786304001 -18581.489216596023 -16528.41914570166
 -194.48978286680031 -1601.006884814288 -4379.6542492719527 -3995.94371461011
 -251.48449344661151 -2125.599427191059 -5974.8228203558037 -5600.7800473464604
 -4654.5121431763773 -39875.024624624479 -113854.88032384744 -108365.47686561802
 -67.200958238437067 -601.48811475474383 -1779.3741345181761 -1757.3769099810802
 -304.79109857343695 -2784.0458488856466 -8461.1007930231717 -8574.4817880501723
 -261.44961318053407 -2461.9679051152411 -7711.3402642136916 -8054.2251037378492
 -224.0728143759107 -2168.4031861477883 -6977.6301733539076 -7487.7301983842362
 -64.213340839457672 -651.57361760230913 -2185.6801373073863 -2447.7488165878458
 -2137.0499247241964 -21982.837296204219 -75356.880488245297 -86111.22459762526
 -16.097109387283751 -181.83604831922784 -663.34955381551276 -810.94968055458878
 -120.2945391126912 -1377.431321743773 -5235.3302372006174 -6637.613450057539
 -237.44500899775974 -2814.4379858947864 -11096.338021273938 -14587.936869885467
 -79.997471547051319 -985.39697017133665 -4021.2996590910584 -5475.7974293399593
 -240.22137227671462 -3040.0075549857206 -12797.742786869401 -17964.258885615469
 -12.544395080491554 -175.97425378047603 -792.92789809632393 -1197.6594680248859
 -248.09166318449297 -3490.0650487118896 -16334.782372907846 -25491.366574662279
 -156.38600589272576 -2272.5165349644876 -10974.838314365743 -17674.304278705891
 -4.9272625903544922 -84.600674804285774 -443.84838409906814 -785.35007177128671
 -626.08382362143573 -10290.135874847329 -56335.094140862544 -102814.70230203102
 -63.27028726103034 -1081.9683023181988 -6124.629704014259 -11566.160193357735
 -16.033473171466863 -294.65335817454707 -1757.7273010852907 -3506.9421609430442
 -42.992691726232458 -822.85643960705193 -5198.1378963266588 -10958.499314643044
 -34.321608259772248 -693.91293417267832 -4619.6080171095646 -10264.632866023447
 -0.56281366570061275 -22.230177265826267 -170.52721057325499 -454.74891171388339
 -16.836510364118141 -445.78045256136983 -3843.8824247944976 -11070.848015096173
 -77.963681100326653 -2137.446039332704 -19435.454097650516 -58931.902636300147
 -177.76278326980193 -4971.0312993867228 -46235.449769257015 -143369.59912200421
 -4.0263897778707118 -132.33306148128389 -1323.0498158661258 -4437.7519319461626
 -1.4052982178835236 -59.854061528739457 -670.04258603819596 -2537.8537657533789
 -0.16567571508422263 -21.48326122519499 -289.7008466760123 -1358.0265841126577
 -360.13376936680226 -16272.81632166515 -244851.38482811014 -1228125.6638967437
 -10.318512341036742 -502.25403708720484 -7872.6955742706668 -41196.756370900126
 -0.084315153941676546 -23.608163414236319 -422.94913034960007 -2615.7194376436664
 0.26970446273980814 -5.123064484551259 -116.24015957619329 -1048.2925177549132
 0.26841905269338406 -7.6760468173957568 -291.65241276289254 -4115.6406574061384
 0.31337907686297761 -2.7497857714170011 -159.90556534487968 -4291.7312147740622
 0.32013093750502775 -1.3158687574489216 -127.43481810509904 -9470.7079180635446
 0.3202056045950315 -1.0839233814175286 56.817662575826745 -3102.3123752912238
 0.34433002831177556 -6.308449627308212 406.73193916557756 -9859.1950742452973
 0.34308562937736986 -3.4176725039265925 90.618760441374022 -1002.2655168062446
 9.5894841974981588 -832.19523187894811 24850.66937353613 -247556.64704785051
 0.41487432934916663 -7.0212568418613905 130.83043058071175 -892.55304227996271
 3.4105338613571536 -176.24305737430868 3316.4121244463922 -20876.725245954538
 1.093481701053151 -37.940841701443595 591.44609179618476 -3124.1496277515994
 0.94291103048590563 -25.845661316469641 334.16041168186837 -1477.3839051138427
 1.427361246087848 -37.909886759019628 413.52173933620708 -1529.5641569243103
 521.28684693972343 -16505.649807644346 174296.30417529016 -613532.76204378996
 1.1850280143641603 -24.558476839138159 216.17658249022864 -648.87135005398545
 7.0227187441759709 -171.46228211764469 1447.6684438338946 -4087.7941222205041
 22.474682672158181 -525.85413342283971 4146.9690122997181 -10912.284274042237
 9.6796420570541244 -209.79812432592817 1555.0565290812635 -3852.1575343504874
 9.7592633558890309 -197.73714951232594 1369.1884827224369 -3168.8663518148701
 13.31146276385846 -254.70829392449974 1653.7808844229655 -3586.5674837275142
 10.217303656155956 -181.42754884729803 1098.576786607169 -2223.6078310703315
 16.22412392847728 -273.76669917241765 1561.4829715750218 -2974.0968195976693
 10.535944012620542 -164.36057686497372 872.77462574525737 -1549.3311031011265
 9.1146906575276141 -131.94865427077562 651.99275541476516 -1077.8194340082207
 112.76275650781687 -1610.1153533338234 7677.6937885012558 -12206.865927146586
 82.745466744120321 -1147.2407409387201 5315.1695926527609 -8211.4137581806972
 13.202249178920555 -171.08140163376191 750.41047560859715 -1099.9722300323622
 40.13194548933528 -505.92176105637327 2136.5013868776987 -3010.0629522893964
 308.56835509586983 -3810.8836611995248 15698.185474820088 -21557.401734149269
 8.6672143033452205 -97.811872100285612 376.01007749330034 -483.72432097741637
 67.050578193111278 -751.36825727709697 2814.3280074484564 -3515.5853362114094
 72.384826935748407 -782.94177605345374 2829.8424800629482 -3410.934957131899
 32.373633414703036 -336.19562539206493 1170.1585387715934 -1359.1163180874169
 57.825165574577269 -581.85612700997683 1957.4667271141441 -2196.4710127257467
 441.02547778650546 -4363.439706935992 14395.897918857276 -15832.908917318548
 34.023356849428509 -323.3496652118904 1029.3197492265697 -1093.3279492912295
 50.158680637873388 -463.15822739730891 1430.2234996016598 -1473.2444434881477
 136.42924405975535 -1226.5460842631642 3679.924543945227 -3681.1354358778112
 14.719798943524763 -124.17258081966327 352.80011931319888 -334.94879087337995
 820.88260493194207 -6907.6373138471608 19379.186601932168 -18123.352259073519
 121.33139884478005 -998.90517607444554 2744.5805790333989 -2514.3627325081552
 91.539048366919999 -737.34333239963178 1982.9132841285609 -1778.2360560885934
 184.38402468019734 -1453.5257073623814 3822.3730218840806 -3351.2228579985936
 41.267475568882261 -313.74598141639774 797.7721613359513 -676.7548565634263
 109.21483206682545 -811.39262748017779 2011.8410377533846 -1663.3124916486265
 17.104369660669455 -119.74053536737264 281.50897478126404 -221.05252781973942
 6707.2093154712429 -47022.303410112378 109888.63666600862 -85601.730361156733
 538.73942985170606 -3741.0448163641863 8661.3267387674005 -6684.6679175190257
 16.667896225928065 -109.84952947766074 243.07241952045251 -179.66169273075749
 111.15386343595968 -722.60069888886846 1567.5245745643308 -1133.8252100168381
 2297.8474269324292 -14744.902238937926 31540.090596019985 -22488.932492120915
